1 18188641865 2308494322@qq.com GSBKJ 123456 20051221 JLU 10001 20001 30001 0
2 18144569874 2654487511@qq.com egg 123456 20051221 JLU 10002 20002 30002 0
3 13912345678 1234567890@qq.com alice 123456 20051221 JLU 10003 20003 30003 0
4 13887654321 9876543210@qq.com bob 123456 20051221 JLU 10004 20004 30004 0
5 13711223344 1122334455@qq.com carol 123456 20051221 JLU 10005 20005 30005 0
6 13699887766 9988776655@qq.com dave 123456 20051221 JLU 10006 20006 30006 0
7 13566778899 6677889900@qq.com eve 123456 20051221 JLU 10007 20007 30007 0
8 13455667788 5566778899@qq.com frank 123456 20051221 JLU 10008 20008 30008 0
9 13344556677 4455667788@qq.com grace 123456 20051221 JLU 10009 20009 30009 0
10 13233445566 3344556677@qq.com henry 123456 20051221 JLU 10010 20010 30010 0
11 13122334455 2233445566@qq.com iris 123456 20011223 JLU 10011 20011 30011 0
12 13011223344 1122334455@qq.com jack 123456 20021111 JLU 10012 20012 30012 0
13 12999887766 9988776655@qq.com kelly 123456 20030815 JLU 10013 20013 30013 0
14 12888776655 8877665544@qq.com leo 123456 20040420 JLU 10014 20014 30014 0
15 12777665544 7766554433@qq.com mona 123456 20050730 JLU 10015 20015 30015 0
16 12666554433 6655443322@qq.com nick 123456 20011201 JLU 10016 20016 30016 0
17 12555443322 5544332211@qq.com olivia 123456 20020312 JLU 10017 20017 30017 0
18 12444332211 4433221100@qq.com paul 123456 20030625 JLU 10018 20018 30018 0
19 12333221100 3322110099@qq.com quinn 123456 20040909 JLU 10019 20019 30019 0
20 12222110099 2211009988@qq.com rose 123456 20011111 JLU 10020 20020 30020 0
21 12111009988 1100998877@qq.com sam 123456 20020222 JLU 10021 20021 30021 0
22 12000998877 0099887766@qq.com tina 123456 20030505 JLU 10022 20022 30022 0
23 11999887766 9988776655@qq.com umar 123456 20040808 JLU 10023 20023 30023 0
24 11888776655 8877665544@qq.com vera 123456 20011212 JLU 10024 20024 30024 0
25 11777665544 7766554433@qq.com will 123456 20021122 JLU 10025 20025 30025 0
26 11666554433 6655443322@qq.com xena 123456 20030707 JLU 10026 20026 30026 0
27 11555443322 5544332211@qq.com yara 123456 20040101 JLU 10027 20027 30027 0
28 11444332211 4433221100@qq.com zane 123456 20011231 JLU 10028 20028 30028 0
29 11333221100 3322110099@qq.com abby 123456 20020515 JLU 10029 20029 30029 0
30 11222110099 2211009988@qq.com ben 123456 20030828 JLU 10030 20030 30030 0
31 11111009988 1100998877@qq.com cathy 123456 20011103 JLU 10031 20031 30031 0
32 11000998877 0099887766@qq.com dean 123456 20021224 JLU 10032 20032 30032 0
33 10999887766 9988776655@qq.com ella 123456 20030303 JLU 10033 20033 30033 0
34 10888776655 8877665544@qq.com finn 123456 20040616 JLU 10034 20034 30034 0
35 10777665544 7766554433@qq.com gina 123456 20011218 JLU 10035 20035 30035 0
36 10666554433 6655443322@qq.com hank 123456 20020909 JLU 10036 20036 30036 0
37 10555443322 5544332211@qq.com ivy 123456 20030404 JLU 10037 20037 30037 0
38 10444332211 4433221100@qq.com june 123456 20040707 JLU 10038 20038 30038 0
39 10333221100 3322110099@qq.com kurt 123456 20011010 JLU 10039 20039 30039 0
40 10222110099 2211009988@qq.com luna 123456 20021121 JLU 10040 20040 30040 0
41 13510567865 2308494322@qq.com GSBKJ 123456 20051221 JLU 0 0 0 0
42 13510567865 2308494322@qq.com GSBKJ 123456 20051221 JLU 0 0 0 0
43 13510567865 2308494322@qq.com GSBKJ 123456 20051221 jlu 0 0 0 0
44 13510567899 2384555555@qq.com GSBKJ 123456 20051313 jlu 0 0 0 0
