1001 1 0
1001 11 2
1001 22 2
1001 33 2
1001 44 2
1001 5 2
1001 16 2
1001 27 2
1001 38 2
1001 49 2
1002 2 0
1002 12 2
1002 23 2
1002 34 2
1002 45 2
1002 6 2
1002 17 2
1002 28 2
1002 39 2
1002 50 2
1002 1 2
1003 3 0
1003 13 2
1003 24 2
1003 35 2
1003 46 2
1003 7 2
1003 18 2
1003 29 2
1003 40 2
1003 8 2
1004 4 0
1004 14 2
1004 25 2
1004 36 2
1004 47 2
1004 1 2
1004 19 2
1004 30 2
1004 41 2
1004 9 2
1005 5 0
1005 15 2
1005 26 2
1005 37 2
1005 48 2
1005 2 2
1005 20 2
1005 31 2
1005 42 2
1005 10 2
1006 6 0
1006 16 2
1006 27 2
1006 38 2
1006 49 2
1006 3 2
1006 21 2
1006 32 2
1006 43 2
1006 7 2
1007 7 0
1007 17 2
1007 28 2
1007 39 2
1007 50 2
1007 4 2
1007 18 2
1007 29 2
1007 40 2
1007 8 2
1008 8 0
1008 18 2
1008 29 2
1008 40 2
1008 1 2
1008 15 2
1008 26 2
1008 37 2
1008 46 2
1008 9 2
1009 9 0
1009 19 2
1009 30 2
1009 41 2
1009 2 2
1009 14 2
1009 25 2
1009 36 2
1009 45 2
1009 10 2
1010 10 0
1010 20 2
1010 31 2
1010 42 2
1010 3 2
1010 13 2
1010 24 2
1010 35 2
1010 44 2
1010 5 2
1011 1 0
1011 11 2
1011 22 2
1011 33 2
1011 44 2
