10001 123456 qqUser01 1 0
10002 123456 qqUser02 1 0
10003 123456 qqUser03 1 0
10004 123456 qqUser04 1 0
10005 123456 qqUser05 1 0
10006 123456 qqUser06 1 0
10007 123456 qqUser07 1 0
10008 123456 qqUser08 1 0
10009 123456 qqUser09 1 0
10010 123456 qqUser10 1 0
10011 123456 qqUser11 1 0
10012 123456 qqUser12 1 0
10013 123456 qqUser13 1 0
10014 123456 qqUser14 1 0
10015 123456 qqUser15 1 0
10016 123456 qqUser16 1 0
10017 123456 qqUser17 1 0
10018 123456 qqUser18 1 0
10019 123456 qqUser19 1 0
10020 123456 qqUser20 1 0
10021 123456 qqUser21 1 0
10022 123456 qqUser22 1 0
10023 123456 qqUser23 1 0
10024 123456 qqUser24 1 0
10025 123456 qqUser25 1 0
10026 123456 qqUser26 1 0
10027 123456 qqUser27 1 0
10028 123456 qqUser28 1 0
10029 123456 qqUser29 1 0
10030 123456 qqUser30 1 0
10031 123456 qqUser31 1 0
10032 123456 qqUser32 1 0
10033 123456 qqUser33 1 0
10034 123456 qqUser34 1 0
10035 123456 qqUser35 1 0
10036 123456 qqUser36 1 0
10037 123456 qqUser37 1 0
10038 123456 qqUser38 1 0
10039 123456 qqUser39 1 0
10040 123456 qqUser40 1 0
10041 123456 qqUser41 1 0
10042 123456 qqUser42 1 0
10043 123456 qqUser43 1 0
10044 123456 qqUser44 1 0
10045 123456 qqUser45 1 0
10046 123456 qqUser46 1 0
10047 123456 qqUser47 1 0
10048 123456 qqUser48 1 0
10049 123456 qqUser49 1 0
10050 123456 qqUser50 1 0
10051 123456 ljlj 0 0
