101 10001 0
101 10021 2
101 10033 2
101 10042 2
101 10007 2
101 10015 2
101 10028 2
101 10039 2
101 10011 2
101 10050 2
102 10002 0
102 10018 2
102 10029 2
102 10036 2
102 10005 2
102 10014 2
102 10025 2
102 10044 2
102 10009 2
102 10031 2
103 10003 0
103 10012 2
103 10027 2
103 10038 2
103 10006 2
103 10019 2
103 10030 2
103 10041 2
103 10008 2
103 10022 2
104 10004 0
104 10016 2
104 10035 2
104 10043 2
104 10002 2
104 10020 2
104 10032 2
104 10047 2
104 10010 2
104 10026 2
105 10005 0
105 10013 2
105 10024 2
105 10037 2
105 10001 2
105 10017 2
105 10029 2
105 10046 2
105 10009 2
105 10023 2
106 10006 0
106 10014 2
106 10025 2
106 10040 2
106 10003 2
106 10018 2
106 10034 2
106 10048 2
106 10007 2
106 10027 2
107 10007 0
107 10015 2
107 10026 2
107 10045 2
107 10004 2
107 10019 2
107 10033 2
107 10049 2
107 10008 2
107 10028 2
108 10008 0
108 10017 2
108 10030 2
108 10044 2
108 10005 2
108 10021 2
108 10036 2
108 10050 2
108 10010 2
108 10025 2
109 10009 0
109 10019 2
109 10032 2
109 10046 2
109 10006 2
109 10020 2
109 10035 2
109 10047 2
109 10002 2
109 10024 2
110 10010 0
110 10022 2
110 10038 2
110 10049 2
110 10001 2
110 10016 2
110 10031 2
110 10043 2
110 10005 2
110 10027 2
111 10001 0
111 10033 2
111 10007 2
