201 20001 0
201 20011 2
201 20022 2
201 20033 2
201 20044 2
201 20005 2
201 20018 2
201 20029 2
201 20040 2
201 20050 2
202 20002 0
202 20012 2
202 20023 2
202 20034 2
202 20045 2
202 20006 2
202 20019 2
202 20030 2
202 20041 2
202 20008 2
203 20003 0
203 20013 2
203 20024 2
203 20035 2
203 20046 2
203 20007 2
203 20020 2
203 20031 2
203 20042 2
203 20009 2
204 20004 0
204 20014 2
204 20025 2
204 20036 2
204 20047 2
204 20001 2
204 20017 2
204 20028 2
204 20039 2
204 20010 2
205 20005 0
205 20015 2
205 20026 2
205 20037 2
205 20048 2
205 20002 2
205 20016 2
205 20027 2
205 20038 2
205 20006 2
206 20006 0
206 20016 2
206 20027 2
206 20038 2
206 20049 2
206 20003 2
206 20015 2
206 20026 2
206 20037 2
206 20007 2
207 20007 0
207 20017 2
207 20028 2
207 20039 2
207 20050 2
207 20004 2
207 20014 2
207 20025 2
207 20036 2
207 20008 2
208 20008 0
208 20018 2
208 20029 2
208 20040 2
208 20001 2
208 20013 2
208 20024 2
208 20035 2
208 20046 2
208 20009 2
209 20009 0
209 20019 2
209 20030 2
209 20041 2
209 20002 2
209 20012 2
209 20023 2
209 20034 2
209 20045 2
209 20010 2
210 20010 0
210 20020 2
210 20031 2
210 20042 2
210 20003 2
210 20011 2
210 20022 2
210 20033 2
210 20044 2
210 20005 2