20001 20002
20002 20003
20003 20004
20004 20005
20005 20006
20006 20007
20007 20008
20008 20009
20009 20010
20010 20011
20011 20012
20012 20013
20013 20014
20014 20015
20015 20016
20016 20017
20017 20018
20018 20019
20019 20020
20020 20021
20021 20022
20022 20023
20023 20024
20024 20025
20025 20026
20026 20027
20027 20028
20028 20029
20029 20030
20030 20031
20031 20032
20032 20033
20033 20034
20034 20035
20035 20036
20036 20037
20037 20038
20038 20039
20039 20040
20040 20041
20041 20042
20042 20043
20043 20044
20044 20045
20045 20046
20046 20047
20047 20048
20048 20049
20049 20050
