20001 123456 wcUser01 1 0
20002 123456 wcUser02 1 0
20003 123456 wcUser03 1 0
20004 123456 wcUser04 1 0
20005 123456 wcUser05 1 0
20006 123456 wcUser06 1 0
20007 123456 wcUser07 1 0
20008 123456 wcUser08 1 0
20009 123456 wcUser09 1 0
20010 123456 wcUser10 1 0
20011 123456 wcUser11 1 0
20012 123456 wcUser12 1 0
20013 123456 wcUser13 1 0
20014 123456 wcUser14 1 0
20015 123456 wcUser15 1 0
20016 123456 wcUser16 1 0
20017 123456 wcUser17 1 0
20018 123456 wcUser18 1 0
20019 123456 wcUser19 1 0
20020 123456 wcUser20 1 0
20021 123456 wcUser21 1 0
20022 123456 wcUser22 1 0
20023 123456 wcUser23 1 0
20024 123456 wcUser24 1 0
20025 123456 wcUser25 1 0
20026 123456 wcUser26 1 0
20027 123456 wcUser27 1 0
20028 123456 wcUser28 1 0
20029 123456 wcUser29 1 0
20030 123456 wcUser30 1 0
20031 123456 wcUser31 1 0
20032 123456 wcUser32 1 0
20033 123456 wcUser33 1 0
20034 123456 wcUser34 1 0
20035 123456 wcUser35 1 0
20036 123456 wcUser36 1 0
20037 123456 wcUser37 1 0
20038 123456 wcUser38 1 0
20039 123456 wcUser39 1 0
20040 123456 wcUser40 1 0
20041 123456 wcUser41 1 0
20042 123456 wcUser42 1 0
20043 123456 wcUser43 1 0
20044 123456 wcUser44 1 0
20045 123456 wcUser45 1 0
20046 123456 wcUser46 1 0
20047 123456 wcUser47 1 0
20048 123456 wcUser48 1 0
20049 123456 wcUser49 1 0
20050 123456 wcUser50 1 0