301 30001 0
301 30011 2
301 30022 2
301 30033 2
301 30044 2
301 30005 2
301 30018 2
301 30029 2
301 30040 2
301 30050 2
302 30002 0
302 30012 2
302 30023 2
302 30034 2
302 30045 2
302 30006 2
302 30019 2
302 30030 2
302 30041 2
302 30008 2
303 30003 0
303 30013 2
303 30024 2
303 30035 2
303 30046 2
303 30007 2
303 30020 2
303 30031 2
303 30042 2
303 30009 2
304 30004 0
304 30014 2
304 30025 2
304 30036 2
304 30047 2
304 30001 2
304 30017 2
304 30028 2
304 30039 2
304 30010 2
305 30005 0
305 30015 2
305 30026 2
305 30037 2
305 30048 2
305 30002 2
305 30016 2
305 30027 2
305 30038 2
305 30006 2
306 30006 0
306 30016 2
306 30027 2
306 30038 2
306 30049 2
306 30003 2
306 30015 2
306 30026 2
306 30037 2
306 30007 2
307 30007 0
307 30017 2
307 30028 2
307 30039 2
307 30050 2
307 30004 2
307 30014 2
307 30025 2
307 30036 2
307 30008 2
308 30008 0
308 30018 2
308 30029 2
308 30040 2
308 30001 2
308 30013 2
308 30024 2
308 30035 2
308 30046 2
308 30009 2
309 30009 0
309 30019 2
309 30030 2
309 30041 2
309 30002 2
309 30012 2
309 30023 2
309 30034 2
309 30045 2
309 30010 2
310 30010 0
310 30020 2
310 30031 2
310 30042 2
310 30003 2
310 30011 2
310 30022 2
310 30033 2
310 30044 2
310 30005 2