30001 123456 wbUser01 1 0
30002 123456 wbUser02 1 0
30003 123456 wbUser03 1 0
30004 123456 wbUser04 1 0
30005 123456 wbUser05 1 0
30006 123456 wbUser06 1 0
30007 123456 wbUser07 1 0
30008 123456 wbUser08 1 0
30009 123456 wbUser09 1 0
30010 123456 wbUser10 1 0
30011 123456 wbUser11 1 0
30012 123456 wbUser12 1 0
30013 123456 wbUser13 1 0
30014 123456 wbUser14 1 0
30015 123456 wbUser15 1 0
30016 123456 wbUser16 1 0
30017 123456 wbUser17 1 0
30018 123456 wbUser18 1 0
30019 123456 wbUser19 1 0
30020 123456 wbUser20 1 0
30021 123456 wbUser21 1 0
30022 123456 wbUser22 1 0
30023 123456 wbUser23 1 0
30024 123456 wbUser24 1 0
30025 123456 wbUser25 1 0
30026 123456 wbUser26 1 0
30027 123456 wbUser27 1 0
30028 123456 wbUser28 1 0
30029 123456 wbUser29 1 0
30030 123456 wbUser30 1 0
30031 123456 wbUser31 1 0
30032 123456 wbUser32 1 0
30033 123456 wbUser33 1 0
30034 123456 wbUser34 1 0
30035 123456 wbUser35 1 0
30036 123456 wbUser36 1 0
30037 123456 wbUser37 1 0
30038 123456 wbUser38 1 0
30039 123456 wbUser39 1 0
30040 123456 wbUser40 1 0
30041 123456 wbUser41 1 0
30042 123456 wbUser42 1 0
30043 123456 wbUser43 1 0
30044 123456 wbUser44 1 0
30045 123456 wbUser45 1 0
30046 123456 wbUser46 1 0
30047 123456 wbUser47 1 0
30048 123456 wbUser48 1 0
30049 123456 wbUser49 1 0
30050 123456 wbUser50 1 0