30001 30002
30002 30003
30003 30004
30004 30005
30005 30006
30006 30007
30007 30008
30008 30009
30009 30010
30010 30011
30011 30012
30012 30013
30013 30014
30014 30015
30015 30016
30016 30017
30017 30018
30018 30019
30019 30020
30020 30021
30021 30022
30022 30023
30023 30024
30024 30025
30025 30026
30026 30027
30027 30028
30028 30029
30029 30030
30030 30031
30031 30032
30032 30033
30033 30034
30034 30035
30035 30036
30036 30037
30037 30038
30038 30039
30039 30040
30040 30041
30041 30042
30042 30043
30043 30044
30044 30045
30045 30046
30046 30047
30047 30048
30048 30049
30049 30050